
20
P4	3	2	1.0	900.0
P4	3	2	1.0	900.0
P4	3	2	1.0	900.0
P4	3	2	1.0	900.0
P4	3	2	1.0	40.0
P4	3	5	40.0	900.0
P4	4	2	80.0	900.0
P4	4	1	10.0	900.0
P4	4	7	50.0	900.0
P4	4	7	30.0	900.0
P4	5	1	100.0	900.0
P4	5	1	100.0	900.0
P4	5	1	100.0	900.0
P4	5	1	100.0	900.0
P4	7	5	40.0	40.0
P4	7	6	80.0	900.0
P4	7	5	80.0	900.0
P4	7	1	80.0	900.0
P4	7	6	80.0	900.0
P4	7	6	80.0	900.0

1
P5	7	2	1.0	99.0

11
P3	3	2	1.0	90.0
P3	3	2	1.0	90.0
P3	3	2	1.0	90.0
P3	3	2	1.0	90.0
P3	3	2	1.0	90.0
P3	3	5	40.0	90.0
P3	4	5	10.0	90.0
P3	5	1	100.0	90.0
P3	5	1	100.0	90.0
P3	5	1	100.0	90.0
P3	5	1	100.0	90.0

1
P4	3	2	1.0	90.0

5
P1	3	2	1.0	90.0
P1	3	2	1.0	90.0
P1	3	5	40.0	90.0
P1	4	5	10.0	90.0
P1	5	1	100.0	90.0

2
P2	1	5	1.0	90.0
P2	5	3	40.0	90.0
