 161; 896
 161, 122; 897
 161, 122,  83; 909
 161, 122,  83, 108; 898
 161, 122,  83, 108,  87; 901
 161, 122,  83, 108,  87,  63; 891
 161, 122,  83, 108,  87,  63,  14; 902
 161, 122,  83, 108,  87,  63,  14, 435; 904
 161, 122,  83, 108,  87,  63,  14, 435, 184; 907
 161, 122,  83, 108,  87,  63,  14, 435, 184, 250; 902
 161, 122,  83, 108,  87,  63,  14, 435, 184, 250,   6; 903
 161, 122,  83, 108,  87,  63,  14, 435, 184, 250,   6, 378; 904
 161, 122,  83, 108,  87,  63,  14, 435, 184, 250,   6, 378, 212; 901
 161, 122,  83, 108,  87,  63,  14, 435, 184, 250,   6, 378, 212, 130; 909
 161, 122,  83, 108,  87,  63,  14, 435, 184, 250,   6, 378, 212, 130,  22; 908
 161, 122,  83, 108,  87,  63,  14, 435, 184, 250,   6, 378, 212, 130,  22,  85; 912
 161, 122,  83, 108,  87,  63,  14, 435, 184, 250,   6, 378, 212, 130,  22,  85, 143; 915
 161, 122,  83, 108,  87,  63,  14, 435, 184, 250,   6, 378, 212, 130,  22,  85, 143, 115; 910
 161, 122,  83, 108,  87,  63,  14, 435, 184, 250,   6, 378, 212, 130,  22,  85, 143, 115, 106; 916
 161, 122,  83, 108,  87,  63,  14, 435, 184, 250,   6, 378, 212, 130,  22,  85, 143, 115, 106, 283; 920
